-20 3.222894321574617E-8
-19 8.544431749820656E-8
-18 2.154793123266916E-7
-17 5.169079987015204E-7
-16 1.1795224196818632E-6
-15 2.5602620779978174E-6
-14 5.286252736506915E-6
-13 1.0382374693810431E-5
-12 1.9396829550257935E-5
-11 3.447069791911169E-5
-10 5.8271296307165075E-5
-9 9.370107176782232E-5
-8 1.4332426168825165E-4
-7 2.0853557026289857E-4
-6 2.886196200209239E-4
-5 3.799765831261835E-4
-4 4.7585330666988587E-4
-3 5.668584512329817E-4
-2 6.423347771225102E-4
-1 6.92362475822366E-4
0 7.098897153444011E-4
1 6.92362475822366E-4
2 6.423347771225102E-4
3 5.668584512329817E-4
4 4.7585330666988587E-4
5 3.799765831261835E-4
6 2.886196200209239E-4
7 2.0853557026289857E-4
8 1.4332426168825165E-4
9 9.370107176782232E-5
10 5.8271296307165075E-5
11 3.447069791911169E-5
12 1.9396829550257935E-5
13 1.0382374693810431E-5
14 5.286252736506915E-6
15 2.5602620779978174E-6
16 1.1795224196818632E-6
17 5.169079987015204E-7
18 2.154793123266916E-7
19 8.544431749820656E-8
20 3.222894321574617E-8
